acquire 1574
    0377 1574 1578 2460 2587
    2625 2658 2717 2774 2818
    2833 2866 2879 3076 3093
    3366 3722 3742 4207 4265
    4370 4431 4630 4657 4674
    4731 5008 5041 5061 5090
    5110 5120 5629 5654 5668
    6513 6534 6555 7860 8031
    8077 8113
allocproc 2455
    2455 2507 2560
allocuvm 1953
    0422 1953 1967 2537 6346
    6358
alltraps 3254
    3209 3217 3230 3235 3253
    3254
ALT 7610
    7610 7638 7640
argfd 5819
    5819 5856 5871 5883 5894
    5906
argint 3545
    0395 3545 3558 3574 3683
    3706 3720 5824 5871 5883
    6108 6176 6177 6231
argptr 3554
    0396 3554 5871 5883 5906
    6257
argstr 3571
    0397 3571 5918 6008 6108
    6157 6175 6207 6231
__attribute__ 1310
    0271 0365 1209 1310
BACK 8461
    8461 8574 8720 8989
backcmd 8496 8714
    8496 8509 8575 8714 8716
    8842 8955 8990
BACKSPACE 7950
    7950 7967 8009 8041 8047
balloc 4804
    4804 4824 5167 5175 5179
BBLOCK 3960
    3960 4811 4835
B_BUSY 3759
    3759 4258 4376 4377 4390
    4393 4417 4428 4440
B_DIRTY 3761
    3761 4193 4216 4221 4260
    4278 4390 4419 4739
begin_op 4628
    0335 2620 4628 5683 5774
    5921 6011 6111 6156 6174
    6206 6320
bfree 4829
    4829 5214 5224 5227
bget 4366
    4366 4398 4406
binit 4339
    0262 1231 4339
bmap 5160
    4922 5160 5186 5269 5319
bootmain 9117
    9068 9117
BPB 3957
    3957 3960 4810 4812 4836
bread 4402
    0263 4402 4577 4578 4590
    4606 4688 4689 4782 4793
    4811 4835 4960 4981 5068
    5176 5220 5269 5319
brelse 4426
    0264 4426 4429 4581 4582
    4597 4614 4692 4693 4784
    4796 4817 4822 4842 4966
    4969 4990 5076 5182 5226
    5272 5323
BSIZE 3905
    3757 3905 3923 3951 3957
    4181 4195 4217 4558 4579
    4690 4794 5269 5270 5271
    5315 5319 5320 5321
buf 3750
    0250 0263 0264 0265 0307
    0334 2120 2123 2132 2134
    3750 3754 3755 3756 4112
    4128 4131 4175 4204 4254
    4256 4259 4327 4331 4335
    4341 4353 4365 4368 4401
    4404 4415 4426 4505 4577
    4578 4590 4591 4597 4606
    4607 4613 4614 4688 4689
    4722 4769 4780 4791 4807
    4831 4956 4978 5055 5163
    5209 5255 5305 7829 7840
    7844 7847 8018 8039 8053
    8087 8108 8115 8584 8587
    8588 8589 8603 8615 8616
    8619 8620 8621 8625
B_VALID 3760
    3760 4220 4260 4278 4407
bwrite 4415
    0265 4415 4418 4580 4613
    4691
bzero 4789
    4789 4818
C 7631 8024
    7631 7679 7704 7705 7706
    7707 7708 7710 8024 8034
    8037 8044 8055 8088
CAPSLOCK 7612
    7612 7645 7786
cgaputc 7955
    7955 8013
clearpteu 2029
    0431 2029 2035 6360
cli 0557
    0557 0559 1126 1660 7910
    8004 9012
cmd 8465
    8465 8477 8486 8487 8492
    8493 8498 8502 8506 8515
    8518 8523 8531 8537 8541
    8551 8575 8577 8652 8655
    8657 8658 8659 8660 8663
    8664 8666 8668 8669 8670
    8671 8672 8673 8674 8675
    8676 8679 8680 8682 8684
    8685 8686 8687 8688 8689
    8700 8701 8703 8705 8706
    8707 8708 8709 8710 8713
    8714 8716 8718 8719 8720
    8721 8722 8812 8813 8814
    8815 8817 8821 8824 8830
    8831 8834 8837 8839 8842
    8846 8848 8850 8853 8855
    8858 8860 8863 8864 8875
    8878 8881 8885 8900 8903
    8908 8912 8913 8916 8921
    8922 8928 8937 8938 8944
    8945 8951 8952 8961 8964
    8966 8972 8973 8978 8984
    8990 8991 8994
CMOS_PORT 7285
    7285 7299 7300 7338
CMOS_RETURN 7286
    7286 7341
CMOS_STATA 7325
    7325 7373
CMOS_STATB 7326
    7326 7366
CMOS_UIP 7327
    7327 7373
COM1 8213
    8213 8223 8226 8227 8228
    8229 8230 8231 8234 8240
    8241 8257 8259 8267 8269
commit 4701
    4553 4673 4701
CONSOLE 4037
    4037 8127 8128
consoleinit 8123
    0268 1227 8123
consoleintr 8027
    0270 7798 8027 8275
consoleread 8070
    8070 8128
consolewrite 8108
    8108 8127
consputc 8001
    7816 7847 7868 7886 7889
    7893 7894 8001 8041 8047
    8054 8115
context 2343
    0251 0374 2306 2343 2361
    2488 2489 2490 2491 2728
    2766 2928
CONV 7382
    7382 7383 7384 7385 7386
    7387 7388 7389
copyout 2118
    0430 2118 6368 6379
copyuvm 2053
    0427 2053 2064 2066 2564
cprintf 7852
    0269 1224 1264 1967 2926
    2930 2932 3390 3403 3408
    3633 4922 7019 7039 7261
    7462 7852 7912 7913 7914
    7917
cpu 2304
    0310 1224 1264 1266 1278
    1506 1566 1587 1608 1646
    1661 1662 1670 1672 1718
    1731 1737 1876 1877 1878
    1879 2304 2314 2318 2329
    2728 2759 2765 2766 2767
    3365 3390 3391 3403 3404
    3408 3410 6913 6914 7261
    7912
cpunum 7251
    0325 1288 1724 7251 7473
    7482
CR0_PE 0727
    0727 1135 1171 9043
CR0_PG 0737
    0737 1050 1171
CR0_WP 0733
    0733 1050 1171
CR4_PSE 0739
    0739 1043 1164
create 6057
    6057 6077 6090 6094 6114
    6157 6178
CRTPORT 7951
    7951 7960 7961 7962 7963
    7981 7982 7983 7984
CTL 7609
    7609 7635 7639 7785
DAY 7332
    7332 7355
deallocuvm 1982
    0423 1968 1982 2016 2540
DEVSPACE 0204
    0204 1832 1845
devsw 4030
    4030 4035 5258 5260 5308
    5310 5611 8127 8128
dinode 3927
    3927 3951 4957 4961 4979
    4982 5056 5069
dirent 3965
    3965 5364 5405 5966 6004
dirlink 5402
    0287 5371 5402 5417 5425
    5941 6089 6093 6094
dirlookup 5361
    0288 5361 5367 5409 5525
    6023 6067
DIRSIZ 3963
    3963 3967 5355 5422 5478
    5479 5542 5915 6005 6061
DPL_USER 0779
    0779 1727 1728 2514 2515
    3323 3418 3427
E0ESC 7616
    7616 7770 7774 7775 7777
    7780
elfhdr 0955
    0955 6315 9119 9124
ELF_MAGIC 0952
    0952 6331 9130
ELF_PROG_LOAD 0986
    0986 6342
end_op 4653
    0336 2622 4653 5685 5779
    5923 5930 5948 5957 6013
    6047 6052 6116 6121 6127
    6136 6140 6158 6162 6179
    6183 6208 6214 6219 6322
    6352 6405
entry 1040
    0961 1036 1039 1040 3202
    3203 6392 6771 9121 9145
    9146
EOI 7115
    7115 7234 7275
ERROR 7136
    7136 7227
ESR 7118
    7118 7230 7231
exec 6310
    0274 6247 6310 8368 8429
    8430 8526 8527
EXEC 8457
    8457 8522 8659 8965
execcmd 8469 8653
    8469 8510 8523 8653 8655
    8921 8927 8928 8956 8966
exit 2604
    0359 2604 2642 3355 3359
    3419 3428 3668 8316 8319
    8361 8426 8431 8516 8525
    8535 8580 8628 8635
EXTMEM 0202
    0202 0208 1829
fdalloc 5838
    5838 5858 6132 6262
fetchint 3517
    0398 3517 3547 6238
fetchstr 3529
    0399 3529 3576 6244
file 4000
    0252 0277 0278 0279 0281
    0282 0283 0351 2364 4000
    4770 5608 5614 5624 5627
    5630 5651 5652 5664 5666
    5702 5715 5752 5813 5819
    5822 5838 5853 5867 5879
    5892 5903 6105 6254 6456
    6471 7810 8208 8478 8533
    8534 8664 8672 8872
filealloc 5625
    0277 5625 6132 6477
fileclose 5664
    0278 2615 5664 5670 5897
    6134 6265 6266 6504 6506
filedup 5652
    0279 2579 5652 5656 5860
fileinit 5618
    0280 1232 5618
fileread 5715
    0281 5715 5730 5873
filestat 5702
    0282 5702 5908
filewrite 5752
    0283 5752 5784 5789 5885
FL_IF 0710
    0710 1662 1668 2518 2763
    7258
fork 2554
    0360 2554 3662 8360 8423
    8425 8643 8645
fork1 8639
    8500 8542 8554 8561 8576
    8624 8639
forkret 2783
    2417 2491 2783
freerange 3051
    3011 3034 3040 3051
freevm 2010
    0424 2010 2015 2078 2671
    6395 6402
FSSIZE 0162
    0162 4179
gatedesc 0901
    0523 0526 0901 3311
getcallerpcs 1626
    0378 1588 1626 2928 7915
getcmd 8584
    8584 8615
gettoken 8756
    8756 8841 8845 8857 8870
    8871 8907 8911 8933
growproc 2531
    0361 2531 3709
havedisk1 4130
    4130 4164 4262
holding 1644
    0379 1577 1604 1644 2757
HOURS 7331
    7331 7354
ialloc 4953
    0289 4953 4971 6076 6077
IBLOCK 3954
    3954 4960 4981 5068
I_BUSY 4025
    4025 5062 5064 5087 5091
    5113 5115
ICRHI 7129
    7129 7237 7307 7319
ICRLO 7119
    7119 7238 7239 7308 7310
    7320
ID 7112
    7112 7148 7266
IDE_BSY 4115
    4115 4139
IDE_CMD_READ 4120
    4120 4197
IDE_CMD_WRITE 4121
    4121 4194
IDE_DF 4117
    4117 4141
IDE_DRDY 4116
    4116 4139
IDE_ERR 4118
    4118 4141
ideinit 4151
    0305 1233 4151
ideintr 4202
    0306 3374 4202
idelock 4127
    4127 4155 4207 4209 4228
    4265 4279 4282
iderw 4254
    0307 4254 4259 4261 4263
    4408 4420
idestart 4175
    4131 4175 4178 4184 4226
    4275
idewait 4135
    4135 4158 4186 4216
idtinit 3329
    0406 1265 3329
idup 5039
    0290 2580 5039 5512
iget 5004
    4926 4967 5004 5024 5379
    5510
iinit 4918
    0291 2794 4918
ilock 5053
    0292 5053 5059 5079 5515
    5705 5724 5775 5927 5940
    5953 6017 6025 6065 6069
    6079 6124 6211 6325 8082
    8102 8117
inb 0453
    0453 4139 4163 7054 7341
    7764 7767 7961 7963 8234
    8240 8241 8257 8267 8269
    9023 9031 9154
initlock 1562
    0380 1562 2425 3032 3325
    4155 4343 4562 4920 5620
    6485 8125
initlog 4556
    0333 2795 4556 4559
inituvm 1903
    0425 1903 1908 2511
inode 4012
    0253 0287 0288 0289 0290
    0292 0293 0294 0295 0296
    0298 0299 0300 0301 0302
    0426 1918 2365 4006 4012
    4031 4032 4773 4914 4926
    4952 4976 5003 5006 5012
    5038 5039 5053 5085 5108
    5130 5160 5206 5237 5252
    5302 5360 5361 5402 5406
    5504 5507 5539 5550 5916
    5963 6003 6056 6060 6106
    6154 6169 6204 6316 8070
    8108
INPUT_BUF 8016
    8016 8018 8039 8051 8053
    8055 8087
insl 0462
    0462 0464 4217 9173
install_trans 4572
    4572 4621 4706
INT_DISABLED 7419
    7419 7467
ioapic 7427
    7007 7029 7030 7424 7427
    7436 7437 7443 7444 7458
IOAPIC 7408
    7408 7458
ioapicenable 7473
    0310 4157 7473 8132 8243
ioapicid 6917
    0311 6917 7030 7047 7461
    7462
ioapicinit 7451
    0312 1226 7451 7462
ioapicread 7434
    7434 7459 7460
ioapicwrite 7441
    7441 7467 7468 7481 7482
IO_PIC1 7507
    7507 7520 7535 7544 7547
    7552 7562 7576 7577
IO_PIC2 7508
    7508 7521 7536 7565 7566
    7567 7570 7579 7580
IO_TIMER1 8159
    8159 8168 8178 8179
IPB 3951
    3951 3954 4961 4982 5069
iput 5108
    0293 2621 5108 5114 5133
    5410 5533 5684 5946 6218
IRQ_COM1 3183
    3183 3384 8242 8243
IRQ_ERROR 3185
    3185 7227
IRQ_IDE 3184
    3184 3373 3377 4156 4157
IRQ_KBD 3182
    3182 3380 8131 8132
IRQ_SLAVE 7510
    7510 7514 7552 7567
IRQ_SPURIOUS 3186
    3186 3389 7207
IRQ_TIMER 3181
    3181 3364 3423 7214 8180
isdirempty 5963
    5963 5970 6029
ismp 6915
    0339 1234 6915 7012 7020
    7040 7043 7455 7475
itrunc 5206
    4773 5117 5206
iunlock 5085
    0294 5085 5088 5132 5522
    5707 5727 5778 5936 6139
    6217 8075 8112
iunlockput 5130
    0295 5130 5517 5526 5529
    5929 5942 5945 5956 6030
    6041 6045 6051 6068 6072
    6096 6126 6135 6161 6182
    6213 6351 6404
iupdate 4976
    0296 4976 5119 5232 5328
    5935 5955 6039 6044 6083
    6087
I_VALID 4026
    4026 5067 5077 5111
kalloc 3088
    0315 1294 1763 1842 1909
    1965 2069 2473 3088 6479
KBDATAP 7604
    7604 7767
kbdgetc 7756
    7756 7798
kbdintr 7796
    0321 3381 7796
KBS_DIB 7603
    7603 7765
KBSTATP 7602
    7602 7764
KERNBASE 0207
    0207 0208 0212 0213 0217
    0218 0220 0221 1315 1633
    1829 1958 2016
KERNLINK 0208
    0208 1830
KEY_DEL 7628
    7628 7669 7691 7715
KEY_DN 7622
    7622 7665 7687 7711
KEY_END 7620
    7620 7668 7690 7714
KEY_HOME 7619
    7619 7668 7690 7714
KEY_INS 7627
    7627 7669 7691 7715
KEY_LF 7623
    7623 7667 7689 7713
KEY_PGDN 7626
    7626 7666 7688 7712
KEY_PGUP 7625
    7625 7666 7688 7712
KEY_RT 7624
    7624 7667 7689 7713
KEY_UP 7621
    7621 7665 7687 7711
kfree 3065
    0316 1998 2000 2020 2023
    2565 2669 3056 3065 3070
    6502 6523
kill 2875
    0362 2875 3409 3685 8367
kinit1 3030
    0317 1219 3030
kinit2 3038
    0318 1237 3038
KSTACKSIZE 0151
    0151 1054 1063 1295 1879
    2477
kvmalloc 1857
    0418 1220 1857
lapiceoi 7272
    0327 3371 3375 3382 3386
    3392 7272
lapicinit 7201
    0328 1222 1256 7201
lapicstartap 7291
    0329 1299 7291
lapicw 7145
    7145 7207 7213 7214 7215
    7218 7219 7224 7227 7230
    7231 7234 7237 7238 7243
    7275 7307 7308 7310 7319
    7320
lcr3 0590
    0590 1868 1883
lgdt 0512
    0512 0520 1133 1733 9041
lidt 0526
    0526 0534 3331
LINT0 7134
    7134 7218
LINT1 7135
    7135 7219
LIST 8460
    8460 8540 8707 8983
listcmd 8490 8701
    8490 8511 8541 8701 8703
    8846 8957 8984
loadgs 0551
    0551 1734
loaduvm 1918
    0426 1918 1924 1927 6348
log 4537 4550
    4537 4550 4562 4564 4565
    4566 4576 4577 4578 4590
    4593 4594 4595 4606 4609
    4610 4611 4622 4630 4632
    4633 4634 4636 4638 4639
    4657 4658 4659 4660 4661
    4663 4666 4668 4674 4675
    4676 4677 4687 4688 4689
    4703 4707 4726 4728 4731
    4732 4733 4736 4737 4738
    4740
logheader 4532
    4532 4544 4558 4559 4591
    4607
LOGSIZE 0160
    0160 4534 4634 4726 5767
log_write 4722
    0334 4722 4729 4795 4816
    4841 4965 4989 5180 5322
ltr 0538
    0538 0540 1880
mappages 1779
    1779 1848 1911 1972 2072
MAXARG 0158
    0158 6227 6314 6365
MAXARGS 8463
    8463 8471 8472 8940
MAXFILE 3924
    3924 5315
MAXOPBLOCKS 0159
    0159 0160 0161 4634
memcmp 6615
    0386 6615 6945 6988 7376
memmove 6631
    0387 1285 1912 2071 2132
    4579 4690 4783 4988 5075
    5271 5321 5479 5481 6631
    6654 7976
memset 6604
    0388 1766 1844 1910 1971
    2490 2513 3073 4794 4963
    6034 6234 6604 7978 8587
    8658 8669 8685 8706 8719
microdelay 7281
    0330 7281 7309 7311 7321
    7339 8258
min 4772
    4772 5270 5320
MINS 7330
    7330 7353
MONTH 7333
    7333 7356
mp 6752
    6752 6908 6937 6944 6945
    6946 6955 6960 6964 6965
    6968 6969 6980 6983 6985
    6987 6994 7004 7010 7050
mpbcpu 6920
    0340 6920
MPBUS 6802
    6802 7033
mpconf 6763
    6763 6979 6982 6987 7005
mpconfig 6980
    6980 7010
mpenter 1252
    1252 1296
mpinit 7001
    0341 1221 7001 7019 7039
mpioapic 6789
    6789 7007 7029 7031
MPIOAPIC 6803
    6803 7028
MPIOINTR 6804
    6804 7034
MPLINTR 6805
    6805 7035
mpmain 1262
    1209 1240 1257 1262
mpproc 6778
    6778 7006 7017 7026
MPPROC 6801
    6801 7016
mpsearch 6956
    6956 6985
mpsearch1 6938
    6938 6964 6968 6971
multiboot_header 1025
    1024 1025
namecmp 5353
    0297 5353 5374 6020
namei 5540
    0298 2523 5540 5922 6120
    6207 6321
nameiparent 5551
    0299 5505 5520 5532 5551
    5938 6012 6063
namex 5505
    5505 5543 5553
NBUF 0161
    0161 4331 4353
ncpu 6916
    1224 1287 2319 4157 6916
    7018 7019 7023 7024 7025
    7045
NCPU 0152
    0152 2318 6913
NDEV 0156
    0156 5258 5308 5611
NDIRECT 3922
    3922 3924 3933 4023 5165
    5170 5174 5175 5212 5219
    5220 5227 5228
NELEM 0434
    0434 1847 2922 3630 6236
nextpid 2416
    2416 2469
NFILE 0154
    0154 5614 5630
NINDIRECT 3923
    3923 3924 5172 5222
NINODE 0155
    0155 4914 5012
NO 7606
    7606 7652 7655 7657 7658
    7659 7660 7662 7674 7677
    7679 7680 7681 7682 7684
    7702 7703 7705 7706 7707
    7708
NOFILE 0153
    0153 2364 2577 2613 5826
    5842
NPDENTRIES 0821
    0821 1311 2017
NPROC 0150
    0150 2411 2461 2631 2662
    2718 2857 2880 2919
NPTENTRIES 0822
    0822 1994
NSEGS 2301
    1711 2301 2308
nulterminate 8952
    8815 8830 8952 8973 8979
    8980 8985 8986 8991
NUMLOCK 7613
    7613 7646
O_CREATE 3803
    3803 6113 8878 8881
O_RDONLY 3800
    3800 6125 8875
O_RDWR 3802
    3802 6146 8414 8416 8607
outb 0471
    0471 4161 4170 4187 4188
    4189 4190 4191 4192 4194
    4197 7053 7054 7299 7300
    7338 7520 7521 7535 7536
    7544 7547 7552 7562 7565
    7566 7567 7570 7576 7577
    7579 7580 7960 7962 7981
    7982 7983 7984 8177 8178
    8179 8223 8226 8227 8228
    8229 8230 8231 8259 9028
    9036 9164 9165 9166 9167
    9168 9169
outsl 0483
    0483 0485 4195
outw 0477
    0477 1181 1183 9074 9076
O_WRONLY 3801
    3801 6145 6146 8878 8881
P2V 0218
    0218 1219 1237 6962 7301
    7952
panic 7905 8632
    0271 1578 1605 1669 1671
    1790 1846 1882 1908 1924
    1927 1998 2015 2035 2064
    2066 2510 2610 2642 2758
    2760 2762 2764 2806 2809
    3070 3405 4178 4180 4184
    4259 4261 4263 4398 4418
    4429 4559 4660 4727 4729
    4824 4839 4971 5024 5059
    5079 5088 5114 5186 5367
    5371 5417 5425 5656 5670
    5730 5784 5789 5970 6028
    6036 6077 6090 6094 7863
    7905 7912 7973 8501 8520
    8553 8632 8645 8828 8872
    8906 8910 8936 8941
panicked 7818
    7818 7918 8003
parseblock 8901
    8901 8906 8925
parsecmd 8818
    8502 8625 8818
parseexec 8917
    8814 8855 8917
parseline 8835
    8812 8824 8835 8846 8908
parsepipe 8851
    8813 8839 8851 8858
parseredirs 8864
    8864 8912 8931 8942
PCINT 7133
    7133 7224
pde_t 0103
    0103 0420 0421 0422 0423
    0424 0425 0426 0427 0430
    0431 1210 1270 1311 1710
    1754 1756 1779 1836 1839
    1842 1903 1918 1953 1982
    2010 2029 2052 2053 2055
    2102 2118 2355 6318
PDX 0812
    0812 1759
PDXSHIFT 0827
    0812 0818 0827 1315
peek 8801
    8801 8825 8840 8844 8856
    8869 8905 8909 8924 8932
PGROUNDDOWN 0830
    0830 1784 1785 2125
PGROUNDUP 0829
    0829 1963 1990 3054 6357
PGSIZE 0823
    0823 0829 0830 1310 1766
    1794 1795 1844 1907 1910
    1911 1923 1925 1929 1932
    1964 1971 1972 1991 1994
    2062 2071 2072 2129 2135
    2512 2519 3055 3069 3073
    6358 6360
PHYSTOP 0203
    0203 1237 1831 1845 1846
    3069
picenable 7525
    0345 4156 7525 8131 8180
    8242
picinit 7532
    0346 1225 7532
picsetmask 7517
    7517 7527 7583
pinit 2423
    0363 1229 2423
pipe 6461
    0254 0352 0353 0354 4005
    5681 5722 5759 6461 6473
    6479 6485 6489 6493 6511
    6530 6551 8363 8552 8553
PIPE 8459
    8459 8550 8686 8977
pipealloc 6471
    0351 6259 6471
pipeclose 6511
    0352 5681 6511
pipecmd 8484 8680
    8484 8512 8551 8680 8682
    8858 8958 8978
piperead 6551
    0353 5722 6551
PIPESIZE 6459
    6459 6463 6536 6544 6566
pipewrite 6530
    0354 5759 6530
popcli 1666
    0383 1621 1666 1669 1671
    1884
printint 7826
    7826 7876 7880
proc 2353
    0255 0358 0428 1205 1558
    1706 1738 1873 1879 2315
    2330 2353 2359 2406 2411
    2414 2454 2457 2461 2504
    2535 2537 2540 2543 2544
    2557 2564 2570 2571 2572
    2578 2579 2580 2582 2606
    2609 2614 2615 2616 2621
    2623 2628 2631 2632 2640
    2655 2662 2663 2683 2689
    2710 2718 2725 2728 2733
    2761 2766 2775 2805 2823
    2824 2828 2855 2857 2877
    2880 2915 2919 3305 3354
    3356 3358 3401 3409 3410
    3412 3418 3423 3427 3505
    3519 3533 3536 3547 3560
    3629 3631 3634 3635 3657
    3691 3708 3725 4107 4766
    5512 5811 5826 5843 5844
    5896 6218 6220 6264 6304
    6386 6389 6390 6391 6392
    6393 6394 6454 6537 6557
    6911 7006 7017 7018 7019
    7022 7813 8080 8210
procdump 2904
    0364 2904 8065
proghdr 0974
    0974 6317 9120 9134
PTE_ADDR 0844
    0844 1761 1928 1996 2019
    2067 2111
PTE_FLAGS 0845
    0845 2068
PTE_P 0833
    0833 1313 1315 1760 1770
    1789 1791 1995 2018 2065
    2107
PTE_PS 0840
    0840 1313 1315
pte_t 0848
    0848 1753 1757 1761 1763
    1782 1921 1984 2031 2056
    2104
PTE_U 0835
    0835 1770 1911 1972 2036
    2109
PTE_W 0834
    0834 1313 1315 1770 1829
    1831 1832 1911 1972
PTX 0815
    0815 1772
PTXSHIFT 0826
    0815 0818 0826
pushcli 1655
    0382 1576 1655 1875
rcr2 0582
    0582 3404 3411
readeflags 0544
    0544 1659 1668 2763 7258
read_head 4588
    4588 4620
readi 5252
    0300 1933 5252 5370 5416
    5725 5969 5970 6329 6340
readsb 4778
    0286 4563 4778 4834 4921
readsect 9160
    9160 9195
readseg 9179
    9114 9127 9138 9179
recover_from_log 4618
    4552 4567 4618
REDIR 8458
    8458 8530 8670 8971
redircmd 8475 8664
    8475 8513 8531 8664 8666
    8875 8878 8881 8959 8972
REG_ID 7410
    7410 7460
REG_TABLE 7412
    7412 7467 7468 7481 7482
REG_VER 7411
    7411 7459
release 1602
    0381 1602 1605 2464 2470
    2589 2677 2684 2735 2777
    2787 2819 2832 2868 2886
    2890 3081 3098 3369 3726
    3731 3744 4209 4228 4282
    4378 4394 4443 4639 4668
    4677 4740 5015 5031 5043
    5065 5093 5116 5125 5633
    5637 5658 5672 5678 6522
    6525 6538 6547 6558 6569
    7901 8063 8081 8101 8116
ROOTDEV 0157
    0157 2794 2795 5510
ROOTINO 3904
    3904 5510
run 3014
    2911 3014 3015 3021 3067
    3077 3090
runcmd 8506
    8506 8520 8537 8543 8545
    8559 8566 8577 8625
RUNNING 2350
    2350 2727 2761 2911 3423
safestrcpy 6682
    0389 2522 2582 6386 6682
sb 4774
    0286 3954 3960 4561 4563
    4564 4565 4774 4778 4783
    4810 4811 4812 4834 4835
    4921 4922 4923 4959 4960
    4981 5068 7364 7366 7368
sched 2753
    0366 2641 2753 2758 2760
    2762 2764 2776 2825
scheduler 2708
    0365 1267 2306 2708 2728
    2766
SCROLLLOCK 7614
    7614 7647
SECS 7329
    7329 7352
SECTOR_SIZE 4114
    4114 4181
SECTSIZE 9112
    9112 9173 9186 9189 9194
SEG 0769
    0769 1725 1726 1727 1728
    1731
SEG16 0773
    0773 1876
SEG_ASM 0660
    0660 1190 1191 9084 9085
segdesc 0752
    0509 0512 0752 0769 0773
    1711 2308
seginit 1716
    0417 1223 1255 1716
SEG_KCODE 0741
    0741 1150 1725 3322 3323
    9053
SEG_KCPU 0743
    0743 1731 1734 3266
SEG_KDATA 0742
    0742 1154 1726 1878 3263
    9058
SEG_NULLASM 0654
    0654 1189 9083
SEG_TSS 0746
    0746 1876 1877 1880
SEG_UCODE 0744
    0744 1727 2514
SEG_UDATA 0745
    0745 1728 2515
SETGATE 0921
    0921 3322 3323
setupkvm 1837
    0420 1837 1859 2060 2509
    6334
SHIFT 7608
    7608 7636 7637 7785
skipelem 5465
    5465 5514
sleep 2803
    0367 2689 2803 2806 2809
    2909 3729 4279 4381 4633
    4636 5063 6542 6561 8085
    8379
spinlock 1501
    0257 0367 0377 0379 0380
    0381 0409 1501 1559 1562
    1574 1602 1644 2407 2410
    2803 3009 3019 3308 3313
    4110 4127 4325 4330 4503
    4538 4767 4913 5609 5613
    6457 6462 7808 7821 8206
STA_R 0669 0786
    0669 0786 1190 1725 1727
    9084
start 1125 8308 9011
    1124 1125 1167 1175 1177
    4539 4564 4577 4590 4606
    4688 4922 8307 8308 9010
    9011 9067
startothers 1274
    1208 1236 1274
stat 3854
    0258 0282 0301 3854 4764
    5237 5702 5809 5904 8403
stati 5237
    0301 5237 5706
STA_W 0668 0785
    0668 0785 1191 1726 1728
    1731 9085
STA_X 0665 0782
    0665 0782 1190 1725 1727
    9084
sti 0563
    0563 0565 1673 2714
stosb 0492
    0492 0494 6610 9140
stosl 0501
    0501 0503 6608
strlen 6701
    0390 6367 6368 6701 8619
    8823
strncmp 6658
    0391 5355 6658
strncpy 6668
    0392 5422 6668
STS_IG32 0800
    0800 0927
STS_T32A 0797
    0797 1876
STS_TG32 0801
    0801 0927
sum 6926
    6926 6928 6930 6932 6933
    6945 6992
superblock 3912
    0259 0286 3912 4561 4774
    4778
SVR 7116
    7116 7207
switchkvm 1866
    0429 1254 1860 1866 2729
switchuvm 1873
    0428 1873 1882 2544 2726
    6394
swtch 2958
    0374 2728 2766 2957 2958
syscall 3625
    0400 3357 3507 3625
SYSCALL 8353 8360 8361 8362 8363 8364 8365 8366 8367 8368 8369 8370 8371 8372 8373 8374 8375 8376 8377 8378 8379 8380
    8360 8361 8362 8363 8364
    8365 8366 8367 8368 8369
    8370 8371 8372 8373 8374
    8375 8376 8377 8378 8379
    8380
sys_chdir 6201
    3579 3609 6201
SYS_chdir 3459
    3459 3609
sys_close 5889
    3580 3621 5889
SYS_close 3471
    3471 3621
sys_dup 5851
    3581 3610 5851
SYS_dup 3460
    3460 3610
sys_exec 6225
    3582 3607 6225
SYS_exec 3457
    3457 3607 8312
sys_exit 3666
    3583 3602 3666
SYS_exit 3452
    3452 3602 8317
sys_fork 3660
    3584 3601 3660
SYS_fork 3451
    3451 3601
sys_fstat 5901
    3585 3608 5901
SYS_fstat 3458
    3458 3608
sys_getpid 3689
    3586 3611 3689
SYS_getpid 3461
    3461 3611
sys_kill 3679
    3587 3606 3679
SYS_kill 3456
    3456 3606
sys_link 5913
    3588 3619 5913
SYS_link 3469
    3469 3619
sys_mkdir 6151
    3589 3620 6151
SYS_mkdir 3470
    3470 3620
sys_mknod 6167
    3590 3617 6167
SYS_mknod 3467
    3467 3617
sys_open 6101
    3591 3615 6101
SYS_open 3465
    3465 3615
sys_pipe 6251
    3592 3604 6251
SYS_pipe 3454
    3454 3604
sys_read 5865
    3593 3605 5865
SYS_read 3455
    3455 3605
sys_sbrk 3701
    3594 3612 3701
SYS_sbrk 3462
    3462 3612
sys_sleep 3715
    3595 3613 3715
SYS_sleep 3463
    3463 3613
sys_unlink 6001
    3596 3618 6001
SYS_unlink 3468
    3468 3618
sys_uptime 3738
    3599 3614 3738
SYS_uptime 3464
    3464 3614
sys_wait 3673
    3597 3603 3673
SYS_wait 3453
    3453 3603
sys_write 5877
    3598 3616 5877
SYS_write 3466
    3466 3616
taskstate 0851
    0851 2307
TDCR 7140
    7140 7213
T_DEV 3852
    3852 5257 5307 6178
T_DIR 3850
    3850 5366 5516 5928 6029
    6037 6085 6125 6157 6212
T_FILE 3851
    3851 6070 6114
ticks 3314
    0407 3314 3367 3368 3723
    3724 3729 3743
tickslock 3313
    0409 3313 3325 3366 3369
    3722 3726 3729 3731 3742
    3744
TICR 7138
    7138 7215
TIMER 7130
    7130 7214
TIMER_16BIT 8171
    8171 8177
TIMER_DIV 8166
    8166 8178 8179
TIMER_FREQ 8165
    8165 8166
timerinit 8174
    0403 1235 8174
TIMER_MODE 8168
    8168 8177
TIMER_RATEGEN 8170
    8170 8177
TIMER_SEL0 8169
    8169 8177
T_IRQ0 3179
    3179 3364 3373 3377 3380
    3384 3388 3389 3423 7207
    7214 7227 7467 7481 7547
    7566
TPR 7114
    7114 7243
trap 3351
    3202 3204 3272 3351 3403
    3405 3408
trapframe 0602
    0602 2360 2481 3351
trapret 3277
    2418 2486 3276 3277
T_SYSCALL 3176
    3176 3323 3353 8313 8318
    8357
tvinit 3317
    0408 1230 3317
uart 8215
    8215 8236 8255 8265
uartgetc 8263
    8263 8275
uartinit 8218
    0412 1228 8218
uartintr 8273
    0413 3385 8273
uartputc 8251
    0414 8010 8012 8247 8251
userinit 2502
    0368 1238 2502 2510
uva2ka 2102
    0421 2102 2126
V2P 0217
    0217 1830 1831
V2P_WO 0220
    0220 1036 1046
VER 7113
    7113 7223
wait 2653
    0369 2653 3675 8362 8433
    8544 8570 8571 8626
waitdisk 9151
    9151 9163 9172
wakeup 2864
    0370 2864 3368 4222 4441
    4666 4676 5092 5122 6516
    6519 6541 6546 6568 8057
wakeup1 2853
    2420 2628 2635 2853 2867
walkpgdir 1754
    1754 1787 1926 1992 2033
    2063 2106
write_head 4604
    4604 4623 4705 4708
writei 5302
    0302 5302 5424 5776 6035
    6036
write_log 4683
    4683 4704
xchg 0569
    0569 1266 1583 1619
YEAR 7334
    7334 7357
yield 2772
    0371 2772 3424
